[gd_scene load_steps=23 format=3 uid="uid://bnsg1i41jvcy4"]

[ext_resource type="PackedScene" uid="uid://bisx6wb2o2u4i" path="res://scenes/player.tscn" id="1_2yngs"]
[ext_resource type="Script" path="res://scripts/stage.gd" id="1_ja2bd"]
[ext_resource type="Script" path="res://scripts/camera_rig.gd" id="2_p0ucf"]
[ext_resource type="Script" path="res://scripts/portal.gd" id="3_d6anu"]
[ext_resource type="Material" uid="uid://ba8jff6q7g4t8" path="res://materials/dirt.tres" id="4_on35n"]
[ext_resource type="Material" uid="uid://dr3c3w0yhjrl7" path="res://materials/grass.tres" id="5_i5jaj"]
[ext_resource type="Script" path="res://scripts/location_label.gd" id="5_miq6h"]
[ext_resource type="Material" uid="uid://b2p0wthddvqc0" path="res://materials/stone_wall.tres" id="6_ryc43"]

[sub_resource type="ProceduralSkyMaterial" id="ProceduralSkyMaterial_tspr8"]
sky_horizon_color = Color(0.64625, 0.65575, 0.67075, 1)
ground_horizon_color = Color(0.64625, 0.65575, 0.67075, 1)

[sub_resource type="Sky" id="Sky_pgeh0"]
sky_material = SubResource("ProceduralSkyMaterial_tspr8")

[sub_resource type="Environment" id="Environment_v2aob"]
background_mode = 1
background_color = Color(0.698039, 0.698039, 0.698039, 1)
sky = SubResource("Sky_pgeh0")
ambient_light_source = 2
ambient_light_color = Color(1, 1, 1, 1)
tonemap_mode = 2
glow_enabled = true

[sub_resource type="BoxShape3D" id="BoxShape3D_w6bjl"]
size = Vector3(100, 1, 100)

[sub_resource type="StandardMaterial3D" id="StandardMaterial3D_8tth4"]
transparency = 1
albedo_color = Color(0.478431, 0, 0.160784, 0.458824)

[sub_resource type="SphereMesh" id="SphereMesh_gspts"]
material = SubResource("StandardMaterial3D_8tth4")
radius = 0.25
height = 0.5

[sub_resource type="PlaneMesh" id="PlaneMesh_20lul"]
size = Vector2(20, 10)

[sub_resource type="StandardMaterial3D" id="StandardMaterial3D_8sto2"]
albedo_color = Color(0.490196, 0.490196, 0.490196, 1)

[sub_resource type="PlaneMesh" id="PlaneMesh_h0cds"]
material = SubResource("StandardMaterial3D_8sto2")
size = Vector2(100, 30)

[sub_resource type="StandardMaterial3D" id="StandardMaterial3D_5fvo8"]

[sub_resource type="BoxShape3D" id="BoxShape3D_310la"]
size = Vector3(5.69632, 6.76602, 6.89525)

[sub_resource type="Animation" id="Animation_pe4op"]
length = 0.001
tracks/0/type = "value"
tracks/0/imported = false
tracks/0/enabled = true
tracks/0/path = NodePath("ColorRect:position")
tracks/0/interp = 1
tracks/0/loop_wrap = true
tracks/0/keys = {
"times": PackedFloat32Array(0),
"transitions": PackedFloat32Array(1),
"update": 0,
"values": [Vector2(500.5, -100)]
}

[sub_resource type="Animation" id="Animation_wjawj"]
resource_name = "main"
length = 5.0
tracks/0/type = "value"
tracks/0/imported = false
tracks/0/enabled = true
tracks/0/path = NodePath("ColorRect:position")
tracks/0/interp = 1
tracks/0/loop_wrap = true
tracks/0/keys = {
"times": PackedFloat32Array(0, 0.5, 1, 4.5, 5),
"transitions": PackedFloat32Array(1, 1, 1, 1, 1),
"update": 0,
"values": [Vector2(500.5, -54.07), Vector2(500.5, -54.07), Vector2(500.5, 31), Vector2(500.5, 31), Vector2(500.5, -54.07)]
}

[sub_resource type="AnimationLibrary" id="AnimationLibrary_68c7u"]
_data = {
"RESET": SubResource("Animation_pe4op"),
"main": SubResource("Animation_wjawj")
}

[node name="world" type="Node3D" node_paths=PackedStringArray("portals", "player")]
script = ExtResource("1_ja2bd")
portals = [NodePath("portal"), NodePath("portal2")]
player = NodePath("player")

[node name="WorldEnvironment" type="WorldEnvironment" parent="."]
environment = SubResource("Environment_v2aob")

[node name="DirectionalLight3D" type="DirectionalLight3D" parent="."]
transform = Transform3D(0.707107, 0.612373, -0.353553, 2.78059e-08, 0.5, 0.866025, 0.707107, -0.612372, 0.353553, 0, 0, 0)
shadow_enabled = true

[node name="floor" type="StaticBody3D" parent="."]

[node name="CollisionShape3D" type="CollisionShape3D" parent="floor"]
transform = Transform3D(1, 0, 0, 0, 1, 0, 0, 0, 1, 0, -0.5, 0)
shape = SubResource("BoxShape3D_w6bjl")

[node name="player" parent="." instance=ExtResource("1_2yngs")]
collision_layer = 3

[node name="camera_rig" type="Node3D" parent="." node_paths=PackedStringArray("player")]
script = ExtResource("2_p0ucf")
player = NodePath("../player")
stage_dimentions = Vector2(10, 3)

[node name="MeshInstance3D" type="MeshInstance3D" parent="camera_rig"]
mesh = SubResource("SphereMesh_gspts")

[node name="MeshInstance3D2" type="MeshInstance3D" parent="camera_rig"]
transform = Transform3D(0.75, 0, 0, 0, 0.75, 0, 0, 0, 0.75, 0, 0, 0)
mesh = SubResource("SphereMesh_gspts")

[node name="Camera3D" type="Camera3D" parent="camera_rig"]
transform = Transform3D(1, 0, 0, 0, 0.857886, 0.513841, 0, -0.513841, 0.857886, 0, 5.88039, 4.00426)

[node name="stage_block_out" type="Node" parent="."]

[node name="MeshInstance3D" type="MeshInstance3D" parent="stage_block_out"]
material_override = ExtResource("4_on35n")
mesh = SubResource("PlaneMesh_20lul")
skeleton = NodePath("../..")

[node name="MeshInstance3D3" type="MeshInstance3D" parent="stage_block_out"]
transform = Transform3D(0.243608, 0, 0.243608, 0, 0.344513, 0, -0.243608, 0, 0.243608, 11.1792, 0, 0.897425)
material_override = ExtResource("4_on35n")
mesh = SubResource("PlaneMesh_20lul")
skeleton = NodePath("../..")

[node name="MeshInstance3D2" type="MeshInstance3D" parent="stage_block_out"]
transform = Transform3D(1.2979, 0, 0, 0, 1, 0, 0, 0, 1.66951, 0, -0.01, 0)
material_override = ExtResource("5_i5jaj")
mesh = SubResource("PlaneMesh_h0cds")
skeleton = NodePath("../..")

[node name="CSGBox3D2" type="CSGBox3D" parent="stage_block_out"]
transform = Transform3D(1, 0, 0, 0, 1, 0, 0, 0, 1, -7.64979, 2.04353, -6.70355)
use_collision = true
size = Vector3(8.71682, 5.45117, 5.32094)

[node name="CSGBox3D28" type="CSGBox3D" parent="stage_block_out"]
transform = Transform3D(1, 0, 0, 0, 1, 0, 0, 0, 1, -5.71744, 0.928368, -6.39159)
use_collision = true
size = Vector3(1.69973, 2.92409, 5.32094)
material = SubResource("StandardMaterial3D_5fvo8")

[node name="CSGBox3D29" type="CSGBox3D" parent="stage_block_out"]
transform = Transform3D(1, 0, 0, 0, 1, 0, 0, 0, 1, 1.80029, 0.928368, -6.39159)
use_collision = true
size = Vector3(1.69973, 2.92409, 5.32094)
material = SubResource("StandardMaterial3D_5fvo8")

[node name="CSGBox3D30" type="CSGBox3D" parent="stage_block_out"]
transform = Transform3D(0.707107, 0, -0.707107, 0, 1, 0, 0.707107, 0, 0.707107, 14.2614, 0.928368, -2.23703)
use_collision = true
size = Vector3(1.69973, 2.92409, 5.32094)
material = SubResource("StandardMaterial3D_5fvo8")

[node name="CSGBox3D21" type="CSGBox3D" parent="stage_block_out"]
transform = Transform3D(0.957677, 0, -0.287845, 0, 1, 0, 0.287845, 0, 0.957677, -17.6498, 1.5, 8.29645)
use_collision = true
size = Vector3(8.71682, 10.9782, 5.32094)

[node name="CSGBox3D22" type="CSGBox3D" parent="stage_block_out"]
transform = Transform3D(1, 0, 0, 0, 1, 0, 0, 0, 1, -19.9539, -0.31144, 5.11267)
use_collision = true
size = Vector3(8.71682, 10.9782, 5.32094)

[node name="CSGBox3D23" type="CSGBox3D" parent="stage_block_out"]
transform = Transform3D(0.852722, 0, -0.522365, 0, 1, 0, 0.522365, 0, 0.852722, -19.9539, -1.87894, -6.34266)
use_collision = true
size = Vector3(8.71682, 10.9782, 5.32094)

[node name="CSGBox3D3" type="CSGBox3D" parent="stage_block_out"]
transform = Transform3D(1, 0, 0, 0, 1, 0, 0, 0, 1, 3.99398, 1.5, -6.70355)
use_collision = true
size = Vector3(8.71682, 3.002, 5.32094)

[node name="CSGBox3D20" type="CSGBox3D" parent="stage_block_out"]
transform = Transform3D(1, 0, 0, 0, 1, 0, 0, 0, 1, 3.99398, 4.5, -6.70355)
use_collision = true
size = Vector3(8.71682, 3.002, 5.32094)

[node name="CSGBox3D5" type="CSGBox3D" parent="stage_block_out"]
transform = Transform3D(1, 0, 0, 0, 1, 0, 0, 0, 1, -2.00602, 0.693319, -8.121)
use_collision = true
size = Vector3(3.35237, 1.57074, 1.96839)
material = ExtResource("6_ryc43")

[node name="CSGBox3D18" type="CSGBox3D" parent="stage_block_out"]
transform = Transform3D(0.894872, 0, -0.446323, 0, 1, 0, 0.446323, 0, 0.894872, 9.36869, 0.693319, -5.53516)
use_collision = true
size = Vector3(3.35237, 1.57074, 1.96839)
material = ExtResource("6_ryc43")

[node name="CSGBox3D6" type="CSGBox3D" parent="stage_block_out"]
transform = Transform3D(0.305429, 0, 0.952215, 0, 1, 0, -0.952215, 0, 0.305429, -10.9039, 0.630783, -3.48904)
use_collision = true
size = Vector3(7.32608, 1.08008, 0.734372)
material = ExtResource("6_ryc43")

[node name="CSGBox3D7" type="CSGBox3D" parent="stage_block_out"]
transform = Transform3D(0.0436368, 0, 0.999047, 0, 1, 0, -0.999047, 0, 0.0436368, -12.0345, 0.167361, 4.55993)
use_collision = true
size = Vector3(4.36503, 1.08008, 0.734372)
material = ExtResource("6_ryc43")

[node name="CSGBox3D10" type="CSGBox3D" parent="stage_block_out"]
transform = Transform3D(-0.991676, 0, -0.128761, 0, 1, 0, 0.128761, 0, -0.991676, -10.0145, 0.247077, 6.1699)
material_override = ExtResource("6_ryc43")
use_collision = true
size = Vector3(4.36503, 1.08008, 0.734372)

[node name="CSGBox3D11" type="CSGBox3D" parent="stage_block_out"]
transform = Transform3D(-0.984118, 0, 0.177514, 0, 1, 0, -0.177514, 0, -0.984118, -5.81738, 0.167358, 6.31841)
use_collision = true
size = Vector3(4.36503, 1.08008, 0.734372)
material = ExtResource("6_ryc43")

[node name="CSGBox3D12" type="CSGBox3D" parent="stage_block_out"]
transform = Transform3D(-0.0502443, 0, 0.998737, 0, 1, 0, -0.998737, 0, -0.0502443, -3.81317, 0.247075, 8.42072)
use_collision = true
size = Vector3(4.36503, 1.08008, 0.734372)
material = ExtResource("6_ryc43")

[node name="CSGBox3D13" type="CSGBox3D" parent="stage_block_out"]
transform = Transform3D(-0.0502443, 0, 0.998737, 0, 1, 0, -0.998737, 0, -0.0502443, -0.827395, 0.149133, 8.45349)
use_collision = true
size = Vector3(4.36503, 1.08008, 0.734372)
material = ExtResource("6_ryc43")

[node name="CSGBox3D14" type="CSGBox3D" parent="stage_block_out"]
transform = Transform3D(0.998054, 0, -0.062355, 0, 1, 0, 0.062355, 0, 0.998054, 0.993237, 0.0694163, 6.67355)
use_collision = true
size = Vector3(4.36503, 1.08008, 0.734372)
material = ExtResource("6_ryc43")

[node name="CSGBox3D24" type="CSGBox3D" parent="stage_block_out"]
transform = Transform3D(0.668845, 0, -0.743402, 0, 1, 0, 0.743402, 0, 0.668845, 12.9077, 0.0694163, 7.52027)
use_collision = true
size = Vector3(4.36503, 1.08008, 0.734372)
material = ExtResource("6_ryc43")

[node name="CSGBox3D25" type="CSGBox3D" parent="stage_block_out"]
transform = Transform3D(0.998609, 0, -0.0527193, 0, 1, 0, 0.0527193, 0, 0.998609, 23.2006, 0.149133, 8.90353)
use_collision = true
size = Vector3(17.9238, 1.08008, 0.734372)
material = ExtResource("6_ryc43")

[node name="CSGBox3D26" type="CSGBox3D" parent="stage_block_out"]
transform = Transform3D(0.998609, 0, -0.0527193, 0, 1, 0, 0.0527193, 0, 0.998609, 23.2006, 0.149133, -5.83248)
use_collision = true
size = Vector3(17.9238, 1.08008, 0.734372)
material = ExtResource("6_ryc43")

[node name="CSGBox3D27" type="CSGBox3D" parent="stage_block_out"]
transform = Transform3D(-0.0507323, 0, -0.998712, 0, 1, 0, 0.998712, 0, -0.0507323, 31.9015, 0.149133, 2.72933)
use_collision = true
size = Vector3(17.9238, 1.08008, 0.734372)
material = ExtResource("6_ryc43")

[node name="CSGBox3D15" type="CSGBox3D" parent="stage_block_out"]
transform = Transform3D(0.963462, 0, 0.267844, 0, 1, 0, -0.267844, 0, 0.963462, 5.23871, 0.149133, 6.40293)
use_collision = true
size = Vector3(4.36503, 1.08008, 0.734372)
material = ExtResource("6_ryc43")

[node name="CSGBox3D16" type="CSGBox3D" parent="stage_block_out"]
transform = Transform3D(0.999982, 0, 0.00603881, 0, 1, 0, -0.00603881, 0, 0.999982, 9.04941, 0.0694173, 5.87883)
use_collision = true
size = Vector3(4.36503, 1.08008, 0.734372)
material = ExtResource("6_ryc43")

[node name="CSGBox3D17" type="CSGBox3D" parent="stage_block_out"]
transform = Transform3D(0.717105, 0, 0.696965, 0, 1, 0, -0.696965, 0, 0.717105, 13.6345, 0.149134, 3.67568)
use_collision = true
size = Vector3(7.27989, 1.08008, 0.734372)
material = ExtResource("6_ryc43")

[node name="CSGBox3D8" type="CSGBox3D" parent="stage_block_out"]
transform = Transform3D(0.999047, 0, -0.0436368, 0, 1, 0, 0.0436368, 0, 0.999047, -15.1925, 0.247078, 2.07804)
use_collision = true
size = Vector3(7.32608, 1.08008, 0.734372)
material = ExtResource("6_ryc43")

[node name="CSGBox3D9" type="CSGBox3D" parent="stage_block_out"]
transform = Transform3D(0.999047, 0, -0.0436368, 0, 1, 0, 0.0436368, 0, 0.999047, -16.3099, 0.247078, -0.414546)
use_collision = true
size = Vector3(9.00342, 1.08008, 0.734372)
material = ExtResource("6_ryc43")

[node name="CSGBox3D4" type="CSGBox3D" parent="stage_block_out"]
transform = Transform3D(0.707107, 0, -0.707107, 0, 1, 0, 0.707107, 0, 0.707107, 14.1888, 1.5, -2.67676)
use_collision = true
size = Vector3(8.71682, 3.002, 5.32094)

[node name="CSGBox3D19" type="CSGBox3D" parent="stage_block_out"]
transform = Transform3D(0.707107, 0, -0.707107, 0, 1, 0, 0.707107, 0, 0.707107, 14.1888, 4.5, -2.67676)
use_collision = true
size = Vector3(8.71682, 3.002, 5.32094)

[node name="portal" type="Node3D" parent="." node_paths=PackedStringArray("spawn_point")]
transform = Transform3D(1, 0, 0, 0, 1, 0, 0, 0, 1, -21, 0, 0)
script = ExtResource("3_d6anu")
stage_id = 1
spawn_point = NodePath("Node3D")

[node name="Area3D" type="Area3D" parent="portal"]
collision_mask = 2

[node name="CollisionShape3D" type="CollisionShape3D" parent="portal/Area3D"]
transform = Transform3D(1, 0, 0, 0, 1, 0, 0, 0, 1, -1.09142, 0, 0)
shape = SubResource("BoxShape3D_310la")

[node name="Node3D" type="Node3D" parent="portal"]
transform = Transform3D(1, 0, 0, 0, 1, 0, 0, 0, 1, 4.01567, 0.067512, 0.783567)

[node name="portal2" type="Node3D" parent="." node_paths=PackedStringArray("spawn_point")]
transform = Transform3D(1, 0, 0, 0, 1, 0, 0, 0, 1, -1.2872, 1.05366, 14.0486)
script = ExtResource("3_d6anu")
id = 1
stage_id = 2
spawn_point = NodePath("Node3D")

[node name="Area3D" type="Area3D" parent="portal2"]
collision_mask = 2

[node name="CollisionShape3D" type="CollisionShape3D" parent="portal2/Area3D"]
transform = Transform3D(1, 0, 0, 0, 1, 0, 0, 0, 1, -0.821614, 0, 0.246585)
shape = SubResource("BoxShape3D_310la")

[node name="Node3D" type="Node3D" parent="portal2"]
transform = Transform3D(1, 0, 0, 0, 1, 0, 0, 0, 1, -1.06032, -0.899451, -5.8574)

[node name="location_card" type="Node" parent="."]
script = ExtResource("5_miq6h")

[node name="ColorRect" type="ColorRect" parent="location_card"]
anchors_preset = 5
anchor_left = 0.5
anchor_right = 0.5
offset_left = -75.5
offset_top = -100.0
offset_right = 75.4995
offset_bottom = -60.0
grow_horizontal = 2
color = Color(0, 0, 0, 0.647059)

[node name="Label" type="Label" parent="location_card/ColorRect"]
layout_mode = 1
anchors_preset = 15
anchor_right = 1.0
anchor_bottom = 1.0
grow_horizontal = 2
grow_vertical = 2
text = "Town Center"
horizontal_alignment = 1
vertical_alignment = 1

[node name="AnimationPlayer" type="AnimationPlayer" parent="location_card"]
libraries = {
"": SubResource("AnimationLibrary_68c7u")
}

[connection signal="body_entered" from="portal/Area3D" to="portal" method="_on_area_3d_body_entered"]
[connection signal="body_entered" from="portal2/Area3D" to="portal2" method="_on_area_3d_body_entered"]
